$ 1 0.000005 38.696464541249114 50 5 43 5e-11
v -944 304 -944 400 0 0 40 5 0 0 0.5
r -848 240 -848 304 0 1000
c -848 304 -848 400 4 0.00001 -0.9101668857619849 0.001 0
162 -752 304 -752 240 2 default-led 1 0 0 0.01
r -752 304 -752 400 0 1000
w -752 400 -848 400 0
w -848 400 -944 400 0
s -944 304 -944 240 0 1 false
w -848 304 -752 240 0
w -944 240 -944 176 0
w -944 176 -944 112 0
w -848 240 -944 240 0
w -944 176 -704 176 0
r -704 176 -704 256 0 1000
c -704 256 -704 336 4 0.000039999999999999996 -0.9106530392519154 0.001 0
162 -624 256 -624 176 2 default-led 0 1 0 0.01
r -624 256 -624 336 0 1000
w -624 176 -704 256 0
w -624 336 -624 400 0
w -704 336 -704 400 0
w -752 400 -704 400 0
w -704 400 -624 400 0
w -544 400 -464 400 0
w -624 400 -544 400 0
w -544 272 -544 400 0
w -464 272 -464 400 0
w -464 112 -544 192 0
r -464 192 -464 272 0 1000
162 -464 192 -464 112 2 default-led 0 0 1 0.01
c -544 192 -544 272 4 0.00015999999999999999 -0.9126473381944686 0.001 0
r -544 112 -544 192 0 1000
w -944 112 -544 112 0
